
k <- 1:10
n <- 3*2^k - k

